0.00000000
0.00027129
0.00021235
-0.00011837
-0.00032076
-0.00012808
0.00024834
0.00034218
-0.00000000
-0.00038527
-0.00031441
0.00018187
0.00050895
0.00020887
-0.00041429
-0.00058144
0.00000000
0.00067132
0.00055201
-0.00032085
-0.00090003
-0.00036951
0.00073198
0.00102453
-0.00000000
-0.00117285
-0.00095919
0.00055421
0.00154476
0.00063000
-0.00123952
-0.00172296
-0.00000000
0.00194525
0.00158007
-0.00090684
-0.00251114
-0.00101762
0.00198983
0.00274952
-0.00000000
-0.00306980
-0.00248060
0.00141669
0.00390485
0.00157556
-0.00306842
-0.00422412
0.00000000
0.00468573
0.00377603
-0.00215140
-0.00591799
-0.00238394
0.00463697
0.00637821
-0.00000000
-0.00707294
-0.00570296
0.00325276
0.00896219
0.00361828
-0.00705811
-0.00974321
0.00000000
0.01090762
0.00884864
-0.00508300
-0.01412123
-0.00575586
0.01135222
0.01587095
-0.00000000
-0.01833499
-0.01516593
0.00891040
0.02541223
0.01068146
-0.02184571
-0.03189264
0.00000000
0.04139332
0.03710286
-0.02417392
-0.07917080
-0.04047953
0.11235928
0.29386731
0.37483866
0.29386731
0.11235928
-0.04047953
-0.07917080
-0.02417392
0.03710286
0.04139332
0.00000000
-0.03189264
-0.02184571
0.01068146
0.02541223
0.00891040
-0.01516593
-0.01833499
-0.00000000
0.01587095
0.01135222
-0.00575586
-0.01412123
-0.00508300
0.00884864
0.01090762
0.00000000
-0.00974321
-0.00705811
0.00361828
0.00896219
0.00325276
-0.00570296
-0.00707294
-0.00000000
0.00637821
0.00463697
-0.00238394
-0.00591799
-0.00215140
0.00377603
0.00468573
0.00000000
-0.00422412
-0.00306842
0.00157556
0.00390485
0.00141669
-0.00248060
-0.00306980
-0.00000000
0.00274952
0.00198983
-0.00101762
-0.00251114
-0.00090684
0.00158007
0.00194525
-0.00000000
-0.00172296
-0.00123952
0.00063000
0.00154476
0.00055421
-0.00095919
-0.00117285
-0.00000000
0.00102453
0.00073198
-0.00036951
-0.00090003
-0.00032085
0.00055201
0.00067132
0.00000000
-0.00058144
-0.00041429
0.00020887
0.00050895
0.00018187
-0.00031441
-0.00038527
-0.00000000
0.00034218
0.00024834
-0.00012808
-0.00032076
-0.00011837
0.00021235
0.00027129
0.00000000
